# rho counts_4x2x2 counts_6x3x3 counts_8x4x4
7.499999999999999722e-03 0.000000000000000000e+00 3.800000000000000000e+01 3.415000000000000000e+03
2.249999999999999917e-02 1.000000000000000000e+00 2.460000000000000000e+02 0.000000000000000000e+00
3.749999999999999861e-02 1.700000000000000000e+01 5.760000000000000000e+02 8.097000000000000000e+03
5.249999999999999806e-02 6.400000000000000000e+01 1.108000000000000000e+03 0.000000000000000000e+00
6.750000000000000444e-02 2.730000000000000000e+02 1.648000000000000000e+03 1.114000000000000000e+04
8.249999999999999001e-02 4.360000000000000000e+02 2.108000000000000000e+03 0.000000000000000000e+00
9.750000000000000333e-02 6.640000000000000000e+02 2.529000000000000000e+03 0.000000000000000000e+00
1.124999999999999889e-01 6.410000000000000000e+02 2.632000000000000000e+03 1.138200000000000000e+04
1.275000000000000022e-01 8.490000000000000000e+02 2.638000000000000000e+03 0.000000000000000000e+00
1.425000000000000155e-01 5.670000000000000000e+02 2.373000000000000000e+03 1.053300000000000000e+04
1.574999999999999734e-01 4.510000000000000000e+02 2.167000000000000000e+03 0.000000000000000000e+00
1.724999999999999867e-01 4.600000000000000000e+02 1.977000000000000000e+03 0.000000000000000000e+00
1.875000000000000000e-01 6.330000000000000000e+02 1.763000000000000000e+03 8.975000000000000000e+03
2.025000000000000133e-01 5.360000000000000000e+02 1.583000000000000000e+03 0.000000000000000000e+00
2.174999999999999711e-01 5.800000000000000000e+02 1.363000000000000000e+03 7.617000000000000000e+03
2.324999999999999845e-01 5.910000000000000000e+02 1.215000000000000000e+03 0.000000000000000000e+00
2.474999999999999978e-01 8.750000000000000000e+02 1.059000000000000000e+03 0.000000000000000000e+00
2.625000000000000111e-01 6.270000000000000000e+02 9.990000000000000000e+02 6.633000000000000000e+03
2.774999999999999689e-01 6.310000000000000000e+02 9.880000000000000000e+02 0.000000000000000000e+00
2.924999999999999822e-01 6.490000000000000000e+02 1.016000000000000000e+03 6.118000000000000000e+03
3.074999999999999956e-01 7.310000000000000000e+02 1.010000000000000000e+03 0.000000000000000000e+00
3.225000000000000089e-01 4.510000000000000000e+02 9.960000000000000000e+02 0.000000000000000000e+00
3.374999999999999667e-01 4.040000000000000000e+02 1.068000000000000000e+03 5.784000000000000000e+03
3.524999999999999800e-01 3.260000000000000000e+02 1.090000000000000000e+03 0.000000000000000000e+00
3.674999999999999933e-01 2.460000000000000000e+02 0.000000000000000000e+00 5.976000000000000000e+03
3.825000000000000067e-01 2.180000000000000000e+02 1.222000000000000000e+03 0.000000000000000000e+00
3.974999999999999645e-01 1.140000000000000000e+02 1.189000000000000000e+03 0.000000000000000000e+00
4.124999999999999778e-01 1.150000000000000000e+02 1.277000000000000000e+03 6.214000000000000000e+03
4.274999999999999911e-01 1.280000000000000000e+02 1.388000000000000000e+03 0.000000000000000000e+00
4.425000000000000044e-01 2.590000000000000000e+02 1.405000000000000000e+03 6.578000000000000000e+03
4.574999999999999623e-01 2.380000000000000000e+02 1.446000000000000000e+03 0.000000000000000000e+00
4.724999999999999756e-01 2.940000000000000000e+02 1.444000000000000000e+03 0.000000000000000000e+00
4.874999999999999889e-01 3.740000000000000000e+02 1.476000000000000000e+03 6.504000000000000000e+03
5.024999999999999467e-01 6.150000000000000000e+02 1.413000000000000000e+03 0.000000000000000000e+00
5.175000000000000711e-01 4.970000000000000000e+02 1.334000000000000000e+03 6.370000000000000000e+03
5.324999999999999734e-01 4.500000000000000000e+02 1.198000000000000000e+03 0.000000000000000000e+00
5.474999999999999867e-01 3.800000000000000000e+02 1.167000000000000000e+03 0.000000000000000000e+00
5.625000000000000000e-01 3.650000000000000000e+02 9.660000000000000000e+02 5.668000000000000000e+03
5.774999999999999023e-01 1.440000000000000000e+02 8.600000000000000000e+02 0.000000000000000000e+00
5.925000000000000266e-01 7.700000000000000000e+01 6.860000000000000000e+02 4.507000000000000000e+03
6.074999999999999289e-01 3.000000000000000000e+01 4.980000000000000000e+02 0.000000000000000000e+00
6.225000000000000533e-01 1.400000000000000000e+01 3.640000000000000000e+02 3.106000000000000000e+03
6.374999999999999556e-01 1.000000000000000000e+00 2.360000000000000000e+02 0.000000000000000000e+00
6.524999999999999689e-01 0.000000000000000000e+00 1.240000000000000000e+02 0.000000000000000000e+00
6.674999999999999822e-01 0.000000000000000000e+00 8.900000000000000000e+01 1.926000000000000000e+03
6.824999999999998845e-01 0.000000000000000000e+00 4.200000000000000000e+01 0.000000000000000000e+00
6.975000000000000089e-01 0.000000000000000000e+00 1.900000000000000000e+01 1.009000000000000000e+03
7.124999999999999112e-01 0.000000000000000000e+00 1.300000000000000000e+01 0.000000000000000000e+00
7.275000000000000355e-01 0.000000000000000000e+00 7.000000000000000000e+00 0.000000000000000000e+00
7.424999999999999378e-01 0.000000000000000000e+00 0.000000000000000000e+00 3.870000000000000000e+02
7.575000000000000622e-01 0.000000000000000000e+00 1.000000000000000000e+00 0.000000000000000000e+00
7.724999999999999645e-01 0.000000000000000000e+00 0.000000000000000000e+00 1.360000000000000000e+02
7.874999999999999778e-01 0.000000000000000000e+00 0.000000000000000000e+00 0.000000000000000000e+00
8.024999999999999911e-01 0.000000000000000000e+00 0.000000000000000000e+00 0.000000000000000000e+00
8.174999999999998934e-01 0.000000000000000000e+00 0.000000000000000000e+00 3.800000000000000000e+01
8.325000000000000178e-01 0.000000000000000000e+00 0.000000000000000000e+00 0.000000000000000000e+00
8.474999999999999201e-01 0.000000000000000000e+00 0.000000000000000000e+00 1.200000000000000000e+01
8.625000000000000444e-01 0.000000000000000000e+00 0.000000000000000000e+00 0.000000000000000000e+00
8.774999999999999467e-01 0.000000000000000000e+00 0.000000000000000000e+00 0.000000000000000000e+00
8.924999999999999600e-01 0.000000000000000000e+00 0.000000000000000000e+00 2.000000000000000000e+00
9.074999999999999734e-01 0.000000000000000000e+00 0.000000000000000000e+00 0.000000000000000000e+00
9.224999999999998757e-01 0.000000000000000000e+00 0.000000000000000000e+00 0.000000000000000000e+00
9.375000000000000000e-01 0.000000000000000000e+00 0.000000000000000000e+00 0.000000000000000000e+00
9.524999999999999023e-01 0.000000000000000000e+00 0.000000000000000000e+00 0.000000000000000000e+00
9.675000000000000266e-01 0.000000000000000000e+00 0.000000000000000000e+00 1.000000000000000000e+00
9.824999999999999289e-01 0.000000000000000000e+00 0.000000000000000000e+00 0.000000000000000000e+00
9.974999999999999423e-01 0.000000000000000000e+00 0.000000000000000000e+00 0.000000000000000000e+00
1.012499999999999956e+00 0.000000000000000000e+00 0.000000000000000000e+00 0.000000000000000000e+00
1.027499999999999858e+00 0.000000000000000000e+00 0.000000000000000000e+00 0.000000000000000000e+00
1.042499999999999982e+00 0.000000000000000000e+00 0.000000000000000000e+00 0.000000000000000000e+00
1.057500000000000107e+00 0.000000000000000000e+00 0.000000000000000000e+00 0.000000000000000000e+00
1.072500000000000009e+00 0.000000000000000000e+00 0.000000000000000000e+00 0.000000000000000000e+00
1.087499999999999911e+00 0.000000000000000000e+00 0.000000000000000000e+00 0.000000000000000000e+00
1.102500000000000036e+00 0.000000000000000000e+00 0.000000000000000000e+00 0.000000000000000000e+00
1.117499999999999938e+00 0.000000000000000000e+00 0.000000000000000000e+00 0.000000000000000000e+00
1.132499999999999840e+00 0.000000000000000000e+00 0.000000000000000000e+00 0.000000000000000000e+00
1.147499999999999964e+00 0.000000000000000000e+00 0.000000000000000000e+00 0.000000000000000000e+00
1.162500000000000089e+00 0.000000000000000000e+00 0.000000000000000000e+00 0.000000000000000000e+00
1.177499999999999991e+00 0.000000000000000000e+00 0.000000000000000000e+00 0.000000000000000000e+00
1.192499999999999893e+00 0.000000000000000000e+00 0.000000000000000000e+00 0.000000000000000000e+00
1.207500000000000018e+00 0.000000000000000000e+00 0.000000000000000000e+00 0.000000000000000000e+00
1.222499999999999920e+00 0.000000000000000000e+00 0.000000000000000000e+00 0.000000000000000000e+00
1.237499999999999822e+00 0.000000000000000000e+00 0.000000000000000000e+00 0.000000000000000000e+00
1.252499999999999947e+00 0.000000000000000000e+00 0.000000000000000000e+00 0.000000000000000000e+00
1.267500000000000071e+00 0.000000000000000000e+00 0.000000000000000000e+00 0.000000000000000000e+00
1.282499999999999973e+00 0.000000000000000000e+00 0.000000000000000000e+00 0.000000000000000000e+00
1.297499999999999876e+00 0.000000000000000000e+00 0.000000000000000000e+00 0.000000000000000000e+00
1.312500000000000000e+00 0.000000000000000000e+00 0.000000000000000000e+00 0.000000000000000000e+00
1.327499999999999902e+00 0.000000000000000000e+00 0.000000000000000000e+00 0.000000000000000000e+00
1.342499999999999805e+00 0.000000000000000000e+00 0.000000000000000000e+00 0.000000000000000000e+00
1.357499999999999929e+00 0.000000000000000000e+00 0.000000000000000000e+00 0.000000000000000000e+00
1.372500000000000053e+00 0.000000000000000000e+00 0.000000000000000000e+00 0.000000000000000000e+00
1.387499999999999956e+00 0.000000000000000000e+00 0.000000000000000000e+00 0.000000000000000000e+00
1.402499999999999858e+00 0.000000000000000000e+00 0.000000000000000000e+00 0.000000000000000000e+00
1.417499999999999982e+00 0.000000000000000000e+00 0.000000000000000000e+00 0.000000000000000000e+00
1.432500000000000107e+00 0.000000000000000000e+00 0.000000000000000000e+00 0.000000000000000000e+00
1.447499999999999787e+00 0.000000000000000000e+00 0.000000000000000000e+00 0.000000000000000000e+00
1.462499999999999911e+00 0.000000000000000000e+00 0.000000000000000000e+00 0.000000000000000000e+00
1.477500000000000036e+00 0.000000000000000000e+00 0.000000000000000000e+00 0.000000000000000000e+00
1.492499999999999938e+00 0.000000000000000000e+00 0.000000000000000000e+00 0.000000000000000000e+00
