# rho counts_4x2x2 counts_6x3x3 counts_8x4x4
7.499999999999999722e-03 0.000000000000000000e+00 3.700000000000000000e+01 3.241000000000000000e+03
2.249999999999999917e-02 0.000000000000000000e+00 2.240000000000000000e+02 0.000000000000000000e+00
3.749999999999999861e-02 1.000000000000000000e+00 5.190000000000000000e+02 7.855000000000000000e+03
5.249999999999999806e-02 4.900000000000000000e+01 1.055000000000000000e+03 0.000000000000000000e+00
6.750000000000000444e-02 2.330000000000000000e+02 1.636000000000000000e+03 1.090400000000000000e+04
8.249999999999999001e-02 4.240000000000000000e+02 2.141000000000000000e+03 0.000000000000000000e+00
9.750000000000000333e-02 7.070000000000000000e+02 2.435000000000000000e+03 0.000000000000000000e+00
1.124999999999999889e-01 8.170000000000000000e+02 2.554000000000000000e+03 1.172100000000000000e+04
1.275000000000000022e-01 1.101000000000000000e+03 2.588000000000000000e+03 0.000000000000000000e+00
1.425000000000000155e-01 7.580000000000000000e+02 2.498000000000000000e+03 1.052200000000000000e+04
1.574999999999999734e-01 6.760000000000000000e+02 2.262000000000000000e+03 0.000000000000000000e+00
1.724999999999999867e-01 5.910000000000000000e+02 2.036000000000000000e+03 0.000000000000000000e+00
1.875000000000000000e-01 6.860000000000000000e+02 1.771000000000000000e+03 9.267000000000000000e+03
2.025000000000000133e-01 4.350000000000000000e+02 1.583000000000000000e+03 0.000000000000000000e+00
2.174999999999999711e-01 3.980000000000000000e+02 1.332000000000000000e+03 7.809000000000000000e+03
2.324999999999999845e-01 3.520000000000000000e+02 1.209000000000000000e+03 0.000000000000000000e+00
2.474999999999999978e-01 4.280000000000000000e+02 1.180000000000000000e+03 0.000000000000000000e+00
2.625000000000000111e-01 3.430000000000000000e+02 9.990000000000000000e+02 6.854000000000000000e+03
2.774999999999999689e-01 3.780000000000000000e+02 1.032000000000000000e+03 0.000000000000000000e+00
2.924999999999999822e-01 3.330000000000000000e+02 1.003000000000000000e+03 6.073000000000000000e+03
3.074999999999999956e-01 4.910000000000000000e+02 1.061000000000000000e+03 0.000000000000000000e+00
3.225000000000000089e-01 4.550000000000000000e+02 1.087000000000000000e+03 0.000000000000000000e+00
3.374999999999999667e-01 4.160000000000000000e+02 1.135000000000000000e+03 5.971000000000000000e+03
3.524999999999999800e-01 4.130000000000000000e+02 1.168000000000000000e+03 0.000000000000000000e+00
3.674999999999999933e-01 3.970000000000000000e+02 0.000000000000000000e+00 5.782000000000000000e+03
3.825000000000000067e-01 4.820000000000000000e+02 1.164000000000000000e+03 0.000000000000000000e+00
3.974999999999999645e-01 2.900000000000000000e+02 1.221000000000000000e+03 0.000000000000000000e+00
4.124999999999999778e-01 2.740000000000000000e+02 1.260000000000000000e+03 6.224000000000000000e+03
4.274999999999999911e-01 2.490000000000000000e+02 1.304000000000000000e+03 0.000000000000000000e+00
4.425000000000000044e-01 3.570000000000000000e+02 1.340000000000000000e+03 6.259000000000000000e+03
4.574999999999999623e-01 3.040000000000000000e+02 1.349000000000000000e+03 0.000000000000000000e+00
4.724999999999999756e-01 4.040000000000000000e+02 1.440000000000000000e+03 0.000000000000000000e+00
4.874999999999999889e-01 4.540000000000000000e+02 1.374000000000000000e+03 6.699000000000000000e+03
5.024999999999999467e-01 7.710000000000000000e+02 1.361000000000000000e+03 0.000000000000000000e+00
5.175000000000000711e-01 4.950000000000000000e+02 1.314000000000000000e+03 6.254000000000000000e+03
5.324999999999999734e-01 3.930000000000000000e+02 1.284000000000000000e+03 0.000000000000000000e+00
5.474999999999999867e-01 2.960000000000000000e+02 1.104000000000000000e+03 0.000000000000000000e+00
5.625000000000000000e-01 2.380000000000000000e+02 1.032000000000000000e+03 5.541000000000000000e+03
5.774999999999999023e-01 7.700000000000000000e+01 7.990000000000000000e+02 0.000000000000000000e+00
5.925000000000000266e-01 3.300000000000000000e+01 7.130000000000000000e+02 4.390000000000000000e+03
6.074999999999999289e-01 1.300000000000000000e+01 5.030000000000000000e+02 0.000000000000000000e+00
6.225000000000000533e-01 4.000000000000000000e+00 3.770000000000000000e+02 3.220000000000000000e+03
6.374999999999999556e-01 0.000000000000000000e+00 2.260000000000000000e+02 0.000000000000000000e+00
6.524999999999999689e-01 0.000000000000000000e+00 1.600000000000000000e+02 0.000000000000000000e+00
6.674999999999999822e-01 0.000000000000000000e+00 9.100000000000000000e+01 1.850000000000000000e+03
6.824999999999998845e-01 0.000000000000000000e+00 4.800000000000000000e+01 0.000000000000000000e+00
6.975000000000000089e-01 0.000000000000000000e+00 2.400000000000000000e+01 9.830000000000000000e+02
7.124999999999999112e-01 0.000000000000000000e+00 1.600000000000000000e+01 0.000000000000000000e+00
7.275000000000000355e-01 0.000000000000000000e+00 4.000000000000000000e+00 0.000000000000000000e+00
7.424999999999999378e-01 0.000000000000000000e+00 0.000000000000000000e+00 4.790000000000000000e+02
7.575000000000000622e-01 0.000000000000000000e+00 1.000000000000000000e+00 0.000000000000000000e+00
7.724999999999999645e-01 0.000000000000000000e+00 0.000000000000000000e+00 1.650000000000000000e+02
7.874999999999999778e-01 0.000000000000000000e+00 0.000000000000000000e+00 0.000000000000000000e+00
8.024999999999999911e-01 0.000000000000000000e+00 0.000000000000000000e+00 0.000000000000000000e+00
8.174999999999998934e-01 0.000000000000000000e+00 0.000000000000000000e+00 5.400000000000000000e+01
8.325000000000000178e-01 0.000000000000000000e+00 0.000000000000000000e+00 0.000000000000000000e+00
8.474999999999999201e-01 0.000000000000000000e+00 0.000000000000000000e+00 8.000000000000000000e+00
8.625000000000000444e-01 0.000000000000000000e+00 0.000000000000000000e+00 0.000000000000000000e+00
8.774999999999999467e-01 0.000000000000000000e+00 0.000000000000000000e+00 0.000000000000000000e+00
8.924999999999999600e-01 0.000000000000000000e+00 0.000000000000000000e+00 3.000000000000000000e+00
9.074999999999999734e-01 0.000000000000000000e+00 0.000000000000000000e+00 0.000000000000000000e+00
9.224999999999998757e-01 0.000000000000000000e+00 0.000000000000000000e+00 0.000000000000000000e+00
9.375000000000000000e-01 0.000000000000000000e+00 0.000000000000000000e+00 0.000000000000000000e+00
9.524999999999999023e-01 0.000000000000000000e+00 0.000000000000000000e+00 0.000000000000000000e+00
9.675000000000000266e-01 0.000000000000000000e+00 0.000000000000000000e+00 0.000000000000000000e+00
9.824999999999999289e-01 0.000000000000000000e+00 0.000000000000000000e+00 0.000000000000000000e+00
9.974999999999999423e-01 0.000000000000000000e+00 0.000000000000000000e+00 0.000000000000000000e+00
1.012499999999999956e+00 0.000000000000000000e+00 0.000000000000000000e+00 0.000000000000000000e+00
1.027499999999999858e+00 0.000000000000000000e+00 0.000000000000000000e+00 0.000000000000000000e+00
1.042499999999999982e+00 0.000000000000000000e+00 0.000000000000000000e+00 0.000000000000000000e+00
1.057500000000000107e+00 0.000000000000000000e+00 0.000000000000000000e+00 0.000000000000000000e+00
1.072500000000000009e+00 0.000000000000000000e+00 0.000000000000000000e+00 0.000000000000000000e+00
1.087499999999999911e+00 0.000000000000000000e+00 0.000000000000000000e+00 0.000000000000000000e+00
1.102500000000000036e+00 0.000000000000000000e+00 0.000000000000000000e+00 0.000000000000000000e+00
1.117499999999999938e+00 0.000000000000000000e+00 0.000000000000000000e+00 0.000000000000000000e+00
1.132499999999999840e+00 0.000000000000000000e+00 0.000000000000000000e+00 0.000000000000000000e+00
1.147499999999999964e+00 0.000000000000000000e+00 0.000000000000000000e+00 0.000000000000000000e+00
1.162500000000000089e+00 0.000000000000000000e+00 0.000000000000000000e+00 0.000000000000000000e+00
1.177499999999999991e+00 0.000000000000000000e+00 0.000000000000000000e+00 0.000000000000000000e+00
1.192499999999999893e+00 0.000000000000000000e+00 0.000000000000000000e+00 0.000000000000000000e+00
1.207500000000000018e+00 0.000000000000000000e+00 0.000000000000000000e+00 0.000000000000000000e+00
1.222499999999999920e+00 0.000000000000000000e+00 0.000000000000000000e+00 0.000000000000000000e+00
1.237499999999999822e+00 0.000000000000000000e+00 0.000000000000000000e+00 0.000000000000000000e+00
1.252499999999999947e+00 0.000000000000000000e+00 0.000000000000000000e+00 0.000000000000000000e+00
1.267500000000000071e+00 0.000000000000000000e+00 0.000000000000000000e+00 0.000000000000000000e+00
1.282499999999999973e+00 0.000000000000000000e+00 0.000000000000000000e+00 0.000000000000000000e+00
1.297499999999999876e+00 0.000000000000000000e+00 0.000000000000000000e+00 0.000000000000000000e+00
1.312500000000000000e+00 0.000000000000000000e+00 0.000000000000000000e+00 0.000000000000000000e+00
1.327499999999999902e+00 0.000000000000000000e+00 0.000000000000000000e+00 0.000000000000000000e+00
1.342499999999999805e+00 0.000000000000000000e+00 0.000000000000000000e+00 0.000000000000000000e+00
1.357499999999999929e+00 0.000000000000000000e+00 0.000000000000000000e+00 0.000000000000000000e+00
1.372500000000000053e+00 0.000000000000000000e+00 0.000000000000000000e+00 0.000000000000000000e+00
1.387499999999999956e+00 0.000000000000000000e+00 0.000000000000000000e+00 0.000000000000000000e+00
1.402499999999999858e+00 0.000000000000000000e+00 0.000000000000000000e+00 0.000000000000000000e+00
1.417499999999999982e+00 0.000000000000000000e+00 0.000000000000000000e+00 0.000000000000000000e+00
1.432500000000000107e+00 0.000000000000000000e+00 0.000000000000000000e+00 0.000000000000000000e+00
1.447499999999999787e+00 0.000000000000000000e+00 0.000000000000000000e+00 0.000000000000000000e+00
1.462499999999999911e+00 0.000000000000000000e+00 0.000000000000000000e+00 0.000000000000000000e+00
1.477500000000000036e+00 0.000000000000000000e+00 0.000000000000000000e+00 0.000000000000000000e+00
1.492499999999999938e+00 0.000000000000000000e+00 0.000000000000000000e+00 0.000000000000000000e+00
