# rho counts_4x2x2 counts_6x3x3 counts_8x4x4
7.499999999999999722e-03 2.920000000000000000e+02 2.556000000000000000e+03 2.216600000000000000e+04
2.249999999999999917e-02 1.349000000000000000e+03 4.572000000000000000e+03 0.000000000000000000e+00
3.749999999999999861e-02 2.113000000000000000e+03 4.715000000000000000e+03 2.038400000000000000e+04
5.249999999999999806e-02 1.792000000000000000e+03 3.734000000000000000e+03 0.000000000000000000e+00
6.750000000000000444e-02 1.515000000000000000e+03 2.729000000000000000e+03 1.180400000000000000e+04
8.249999999999999001e-02 5.250000000000000000e+02 1.922000000000000000e+03 0.000000000000000000e+00
9.750000000000000333e-02 2.340000000000000000e+02 1.470000000000000000e+03 0.000000000000000000e+00
1.124999999999999889e-01 1.160000000000000000e+02 1.198000000000000000e+03 6.253000000000000000e+03
1.275000000000000022e-01 5.500000000000000000e+01 1.101000000000000000e+03 0.000000000000000000e+00
1.425000000000000155e-01 7.000000000000000000e+00 1.016000000000000000e+03 3.847000000000000000e+03
1.574999999999999734e-01 4.000000000000000000e+00 9.870000000000000000e+02 0.000000000000000000e+00
1.724999999999999867e-01 6.000000000000000000e+00 9.210000000000000000e+02 0.000000000000000000e+00
1.875000000000000000e-01 0.000000000000000000e+00 9.470000000000000000e+02 2.873000000000000000e+03
2.025000000000000133e-01 0.000000000000000000e+00 9.090000000000000000e+02 0.000000000000000000e+00
2.174999999999999711e-01 0.000000000000000000e+00 8.240000000000000000e+02 2.501000000000000000e+03
2.324999999999999845e-01 0.000000000000000000e+00 7.940000000000000000e+02 0.000000000000000000e+00
2.474999999999999978e-01 0.000000000000000000e+00 7.440000000000000000e+02 0.000000000000000000e+00
2.625000000000000111e-01 0.000000000000000000e+00 7.530000000000000000e+02 2.380000000000000000e+03
2.774999999999999689e-01 0.000000000000000000e+00 6.550000000000000000e+02 0.000000000000000000e+00
2.924999999999999822e-01 0.000000000000000000e+00 5.990000000000000000e+02 2.473000000000000000e+03
3.074999999999999956e-01 5.000000000000000000e+00 5.570000000000000000e+02 0.000000000000000000e+00
3.225000000000000089e-01 1.100000000000000000e+01 4.400000000000000000e+02 0.000000000000000000e+00
3.374999999999999667e-01 2.800000000000000000e+01 3.640000000000000000e+02 2.460000000000000000e+03
3.524999999999999800e-01 3.600000000000000000e+01 3.000000000000000000e+02 0.000000000000000000e+00
3.674999999999999933e-01 4.900000000000000000e+01 0.000000000000000000e+00 2.464000000000000000e+03
3.825000000000000067e-01 1.260000000000000000e+02 2.720000000000000000e+02 0.000000000000000000e+00
3.974999999999999645e-01 1.490000000000000000e+02 2.240000000000000000e+02 0.000000000000000000e+00
4.124999999999999778e-01 2.130000000000000000e+02 2.040000000000000000e+02 2.687000000000000000e+03
4.274999999999999911e-01 2.710000000000000000e+02 1.930000000000000000e+02 0.000000000000000000e+00
4.425000000000000044e-01 4.490000000000000000e+02 1.520000000000000000e+02 2.810000000000000000e+03
4.574999999999999623e-01 4.200000000000000000e+02 1.410000000000000000e+02 0.000000000000000000e+00
4.724999999999999756e-01 4.040000000000000000e+02 1.880000000000000000e+02 0.000000000000000000e+00
4.874999999999999889e-01 3.830000000000000000e+02 2.000000000000000000e+02 3.059000000000000000e+03
5.024999999999999467e-01 5.970000000000000000e+02 2.460000000000000000e+02 0.000000000000000000e+00
5.175000000000000711e-01 4.530000000000000000e+02 3.620000000000000000e+02 3.554000000000000000e+03
5.324999999999999734e-01 5.310000000000000000e+02 4.850000000000000000e+02 0.000000000000000000e+00
5.474999999999999867e-01 5.510000000000000000e+02 5.730000000000000000e+02 0.000000000000000000e+00
5.625000000000000000e-01 7.630000000000000000e+02 7.910000000000000000e+02 4.222000000000000000e+03
5.774999999999999023e-01 5.480000000000000000e+02 8.710000000000000000e+02 0.000000000000000000e+00
5.925000000000000266e-01 5.210000000000000000e+02 1.124000000000000000e+03 5.312000000000000000e+03
6.074999999999999289e-01 4.700000000000000000e+02 1.412000000000000000e+03 0.000000000000000000e+00
6.225000000000000533e-01 4.780000000000000000e+02 1.558000000000000000e+03 5.924000000000000000e+03
6.374999999999999556e-01 2.420000000000000000e+02 1.669000000000000000e+03 0.000000000000000000e+00
6.524999999999999689e-01 1.500000000000000000e+02 1.753000000000000000e+03 0.000000000000000000e+00
6.674999999999999822e-01 1.030000000000000000e+02 1.623000000000000000e+03 6.425000000000000000e+03
6.824999999999998845e-01 4.400000000000000000e+01 1.492000000000000000e+03 0.000000000000000000e+00
6.975000000000000089e-01 1.000000000000000000e+01 1.255000000000000000e+03 5.585000000000000000e+03
7.124999999999999112e-01 3.000000000000000000e+00 9.320000000000000000e+02 0.000000000000000000e+00
7.275000000000000355e-01 0.000000000000000000e+00 6.400000000000000000e+02 0.000000000000000000e+00
7.424999999999999378e-01 0.000000000000000000e+00 0.000000000000000000e+00 4.330000000000000000e+03
7.575000000000000622e-01 0.000000000000000000e+00 4.160000000000000000e+02 0.000000000000000000e+00
7.724999999999999645e-01 0.000000000000000000e+00 2.560000000000000000e+02 2.558000000000000000e+03
7.874999999999999778e-01 0.000000000000000000e+00 1.260000000000000000e+02 0.000000000000000000e+00
8.024999999999999911e-01 0.000000000000000000e+00 5.500000000000000000e+01 0.000000000000000000e+00
8.174999999999998934e-01 0.000000000000000000e+00 2.000000000000000000e+01 1.288000000000000000e+03
8.325000000000000178e-01 0.000000000000000000e+00 8.000000000000000000e+00 0.000000000000000000e+00
8.474999999999999201e-01 0.000000000000000000e+00 4.000000000000000000e+00 5.200000000000000000e+02
8.625000000000000444e-01 0.000000000000000000e+00 2.000000000000000000e+00 0.000000000000000000e+00
8.774999999999999467e-01 0.000000000000000000e+00 0.000000000000000000e+00 0.000000000000000000e+00
8.924999999999999600e-01 0.000000000000000000e+00 0.000000000000000000e+00 1.790000000000000000e+02
9.074999999999999734e-01 0.000000000000000000e+00 0.000000000000000000e+00 0.000000000000000000e+00
9.224999999999998757e-01 0.000000000000000000e+00 0.000000000000000000e+00 6.200000000000000000e+01
9.375000000000000000e-01 0.000000000000000000e+00 0.000000000000000000e+00 0.000000000000000000e+00
9.524999999999999023e-01 0.000000000000000000e+00 0.000000000000000000e+00 0.000000000000000000e+00
9.675000000000000266e-01 0.000000000000000000e+00 0.000000000000000000e+00 5.000000000000000000e+00
9.824999999999999289e-01 0.000000000000000000e+00 0.000000000000000000e+00 0.000000000000000000e+00
9.974999999999999423e-01 0.000000000000000000e+00 0.000000000000000000e+00 3.000000000000000000e+00
1.012499999999999956e+00 0.000000000000000000e+00 0.000000000000000000e+00 0.000000000000000000e+00
1.027499999999999858e+00 0.000000000000000000e+00 0.000000000000000000e+00 0.000000000000000000e+00
1.042499999999999982e+00 0.000000000000000000e+00 0.000000000000000000e+00 0.000000000000000000e+00
1.057500000000000107e+00 0.000000000000000000e+00 0.000000000000000000e+00 0.000000000000000000e+00
1.072500000000000009e+00 0.000000000000000000e+00 0.000000000000000000e+00 0.000000000000000000e+00
1.087499999999999911e+00 0.000000000000000000e+00 0.000000000000000000e+00 0.000000000000000000e+00
1.102500000000000036e+00 0.000000000000000000e+00 0.000000000000000000e+00 0.000000000000000000e+00
1.117499999999999938e+00 0.000000000000000000e+00 0.000000000000000000e+00 0.000000000000000000e+00
1.132499999999999840e+00 0.000000000000000000e+00 0.000000000000000000e+00 0.000000000000000000e+00
1.147499999999999964e+00 0.000000000000000000e+00 0.000000000000000000e+00 0.000000000000000000e+00
1.162500000000000089e+00 0.000000000000000000e+00 0.000000000000000000e+00 0.000000000000000000e+00
1.177499999999999991e+00 0.000000000000000000e+00 0.000000000000000000e+00 0.000000000000000000e+00
1.192499999999999893e+00 0.000000000000000000e+00 0.000000000000000000e+00 0.000000000000000000e+00
1.207500000000000018e+00 0.000000000000000000e+00 0.000000000000000000e+00 0.000000000000000000e+00
1.222499999999999920e+00 0.000000000000000000e+00 0.000000000000000000e+00 0.000000000000000000e+00
1.237499999999999822e+00 0.000000000000000000e+00 0.000000000000000000e+00 0.000000000000000000e+00
1.252499999999999947e+00 0.000000000000000000e+00 0.000000000000000000e+00 0.000000000000000000e+00
1.267500000000000071e+00 0.000000000000000000e+00 0.000000000000000000e+00 0.000000000000000000e+00
1.282499999999999973e+00 0.000000000000000000e+00 0.000000000000000000e+00 0.000000000000000000e+00
1.297499999999999876e+00 0.000000000000000000e+00 0.000000000000000000e+00 0.000000000000000000e+00
1.312500000000000000e+00 0.000000000000000000e+00 0.000000000000000000e+00 0.000000000000000000e+00
1.327499999999999902e+00 0.000000000000000000e+00 0.000000000000000000e+00 0.000000000000000000e+00
1.342499999999999805e+00 0.000000000000000000e+00 0.000000000000000000e+00 0.000000000000000000e+00
1.357499999999999929e+00 0.000000000000000000e+00 0.000000000000000000e+00 0.000000000000000000e+00
1.372500000000000053e+00 0.000000000000000000e+00 0.000000000000000000e+00 0.000000000000000000e+00
1.387499999999999956e+00 0.000000000000000000e+00 0.000000000000000000e+00 0.000000000000000000e+00
1.402499999999999858e+00 0.000000000000000000e+00 0.000000000000000000e+00 0.000000000000000000e+00
1.417499999999999982e+00 0.000000000000000000e+00 0.000000000000000000e+00 0.000000000000000000e+00
1.432500000000000107e+00 0.000000000000000000e+00 0.000000000000000000e+00 0.000000000000000000e+00
1.447499999999999787e+00 0.000000000000000000e+00 0.000000000000000000e+00 0.000000000000000000e+00
1.462499999999999911e+00 0.000000000000000000e+00 0.000000000000000000e+00 0.000000000000000000e+00
1.477500000000000036e+00 0.000000000000000000e+00 0.000000000000000000e+00 0.000000000000000000e+00
1.492499999999999938e+00 0.000000000000000000e+00 0.000000000000000000e+00 0.000000000000000000e+00
